{
    "state_rotations": [
        [
            [
                0.9245915368203259,
                415.66943359375,
                60.315453980273325,
                363.29163402318954,
                1.0387796264988676,
                0.0,
                0.0,
                0.0,
                0.0,
                641.7838134765625,
                406.31890869140625,
                661.2100830078125,
                425.01995849609375,
                8,
                [
                    28,
                    58,
                    128
                ],
                [
                    [
                        -0.7798009514808655,
                        -0.21763747930526733,
                        -0.5869791507720947
                    ],
                    [
                        -0.11810695379972458,
                        0.9719327688217163,
                        -0.20346391201019287
                    ],
                    [
                        0.6147856116294861,
                        -0.08933503180742264,
                        -0.7836185097694397
                    ]
                ],
                [
                    0.2793165147304535,
                    -0.29396453499794006,
                    2.5264649391174316
                ]
            ],
            [
                -29.096721837276856,
                415.9207763671875,
                94.40648036586433,
                222.34050520509481,
                1.704983484590963,
                0.0,
                0.0,
                0.0,
                0.0,
                399.10980224609375,
                410.21099853515625,
                418.5799560546875,
                421.63055419921875,
                7,
                [
                    21,
                    34,
                    98
                ],
                [
                    [
                        -0.8562158346176147,
                        -0.09089848399162292,
                        -0.5085586309432983
                    ],
                    [
                        0.006210473831743002,
                        0.9825171232223511,
                        -0.18606866896152496
                    ],
                    [
                        0.5165809392929077,
                        -0.16247333586215973,
                        -0.8406822085380554
                    ]
                ],
                [
                    0.2627756893634796,
                    -0.29919618368148804,
                    2.476731777191162
                ]
            ],
            [
                -38.20415867301881,
                431.0015869140625,
                46.69936634558818,
                982.6578325622249,
                2.801367778802504,
                0.0,
                0.0,
                0.0,
                0.0,
                0.20102310180664062,
                421.6370544433594,
                52.66802215576172,
                440.3661193847656,
                6,
                [
                    66,
                    70,
                    15
                ],
                [
                    [
                        -0.6112461090087891,
                        -0.13041764497756958,
                        -0.7806212306022644
                    ],
                    [
                        -0.009801818989217281,
                        0.987501323223114,
                        -0.15730583667755127
                    ],
                    [
                        0.7913798689842224,
                        -0.08850107342004776,
                        -0.604884684085846
                    ]
                ],
                [
                    0.2359199821949005,
                    -0.2938053607940674,
                    2.55995512008667
                ]
            ],
            [
                -28.091135609658213,
                418.596435546875,
                75.58224241694928,
                335.16433876752853,
                1.7113648456512827,
                0.0,
                0.0,
                0.0,
                0.0,
                349.2777709960938,
                411.59918212890625,
                373.2274780273438,
                425.59368896484375,
                5,
                [
                    16,
                    35,
                    73
                ],
                [
                    [
                        -0.7507781982421875,
                        -0.13263046741485596,
                        -0.6471022963523865
                    ],
                    [
                        -0.051991671323776245,
                        0.9884609580039978,
                        -0.14227399230003357
                    ],
                    [
                        0.6585051417350769,
                        -0.07317227870225906,
                        -0.7490105628967285
                    ]
                ],
                [
                    0.2675568759441376,
                    -0.2982534170150757,
                    2.5374627113342285
                ]
            ],
            [
                -11.315804970733618,
                428.22198486328125,
                45.397980359137264,
                974.4797900766134,
                1.6716281327259581,
                0.0,
                0.0,
                0.0,
                0.0,
                432.8763427734375,
                416.1497802734375,
                473.23681640625,
                440.294189453125,
                4,
                [
                    31,
                    35,
                    146
                ],
                [
                    [
                        0.8659594655036926,
                        -0.12401482462882996,
                        0.4844941198825836
                    ],
                    [
                        0.2741124629974365,
                        0.9279851913452148,
                        -0.25240010023117065
                    ],
                    [
                        -0.4183019995689392,
                        0.3513741195201874,
                        0.8375915884971619
                    ]
                ],
                [
                    -0.1215381845831871,
                    -0.29470884799957275,
                    2.4556450843811035
                ]
            ],
            [
                3.0637587830132147,
                446.5992431640625,
                20.223590686566652,
                5021.595865488052,
                1.6381587360381693,
                0.0,
                0.0,
                0.0,
                0.0,
                708.2716064453125,
                418.916259765625,
                798.9698486328125,
                474.2822265625,
                3,
                [
                    85,
                    28,
                    129
                ],
                [
                    [
                        -0.29922956228256226,
                        -0.19359496235847473,
                        -0.934335470199585
                    ],
                    [
                        -0.041465867310762405,
                        0.9809145927429199,
                        -0.1899663507938385
                    ],
                    [
                        0.9532797932624817,
                        -0.018100522458553314,
                        -0.30154621601104736
                    ]
                ],
                [
                    0.1294117122888565,
                    -0.19660703837871552,
                    2.5716545581817627
                ]
            ],
            [
                6.3316848402556385,
                445.7939453125,
                21.19444375898917,
                5107.9383189976215,
                1.949238530261462,
                0.0,
                0.0,
                0.0,
                0.0,
                814.1656494140625,
                420.1986389160156,
                913.9483642578125,
                471.3892517089844,
                2,
                [
                    25,
                    20,
                    95
                ],
                [
                    [
                        -0.5296764373779297,
                        -0.2292776107788086,
                        -0.8166239857673645
                    ],
                    [
                        -0.07357536256313324,
                        0.9715638160705566,
                        -0.22505666315555573
                    ],
                    [
                        0.8450027704238892,
                        -0.05912380665540695,
                        -0.5314835906028748
                    ]
                ],
                [
                    0.11028953641653061,
                    -0.22612154483795166,
                    2.787764549255371
                ]
            ],
            [
                -4.962238481618198,
                456.21868896484375,
                9.16023610900263,
                24311.41567195952,
                2.0510687011774045,
                0.0,
                0.0,
                0.0,
                0.0,
                122.06198120117199,
                401.7828369140625,
                345.3653259277345,
                510.654541015625,
                1,
                [
                    11,
                    19,
                    52
                ],
                [
                    [
                        0.004693069029599428,
                        -0.5045985579490662,
                        -0.8633413910865784
                    ],
                    [
                        0.029145505279302597,
                        0.8630531430244446,
                        -0.5042716264724731
                    ],
                    [
                        0.9995641708374023,
                        -0.022795937955379486,
                        0.01875714771449566
                    ]
                ],
                [
                    0.22868631780147552,
                    -0.2723120152950287,
                    3.03197979927063
                ]
            ]
        ],
        [
            [
                0.9442025536379666,
                415.9437510172526,
                62.39095351011037,
                329.7542628925749,
                1.0230394375169167,
                0.01958946840239808,
                0.0,
                2.073218988949205,
                -33.50052055800084,
                642.1666668363965,
                406.9670031802399,
                660.5338009522139,
                424.92049885426536,
                8,
                [
                    28,
                    58,
                    128
                ],
                [
                    [
                        -0.7694702744483948,
                        -0.2176550179719925,
                        -0.6004513502120972
                    ],
                    [
                        -0.1119273230433464,
                        0.9715455174446106,
                        -0.20873801410198212
                    ],
                    [
                        0.6287986636161804,
                        -0.09341078996658325,
                        -0.7719369530677795
                    ]
                ],
                [
                    0.2756413519382477,
                    -0.29134663939476013,
                    2.5643486976623535
                ]
            ],
            [
                -28.720033755965233,
                415.57159932454425,
                91.60760497911215,
                216.57639594803226,
                1.6335153088628522,
                0.3762741797139378,
                0.0,
                -2.795800006744758,
                -5.757775703788386,
                395.4618752696885,
                409.81436427012807,
                414.27093846591,
                421.32883437896044,
                7,
                [
                    21,
                    34,
                    98
                ],
                [
                    [
                        0.821270763874054,
                        -0.2925640940666199,
                        0.48981696367263794
                    ],
                    [
                        0.4047163724899292,
                        0.9038600325584412,
                        -0.13871458172798157
                    ],
                    [
                        -0.40214309096336365,
                        0.3121591806411743,
                        0.8607193231582642
                    ]
                ],
                [
                    -0.20547403395175934,
                    -0.2965448200702667,
                    2.513371706008911
                ]
            ],
            [
                -29.077878066597442,
                418.68483479817706,
                76.7628535207531,
                346.46539432293355,
                1.7752802336209725,
                -0.9856582328830593,
                0.0,
                1.1793138585593999,
                11.28863805354611,
                343.4985992055967,
                411.6998337278706,
                368.2992678694695,
                425.6698358684835,
                5,
                [
                    16,
                    35,
                    73
                ],
                [
                    [
                        -0.7543509602546692,
                        -0.14584137499332428,
                        -0.640066385269165
                    ],
                    [
                        -0.0529276579618454,
                        0.9853478074073792,
                        -0.1621370017528534
                    ],
                    [
                        0.6543342471122742,
                        -0.0884309932589531,
                        -0.7510170936584473
                    ]
                ],
                [
                    0.26586779952049255,
                    -0.29810184240341187,
                    2.5138630867004395
                ]
            ],
            [
                -11.102763857156319,
                427.97415924072266,
                44.509176126171454,
                981.0314378510433,
                1.6434700594152762,
                0.21280702584886552,
                0.0,
                -0.8878276225809683,
                6.544448880661083,
                432.83664302858705,
                415.758115797756,
                472.99004631465124,
                440.19020268368934,
                4,
                [
                    31,
                    35,
                    146
                ],
                [
                    [
                        0.854170560836792,
                        -0.16807638108730316,
                        0.49208030104637146
                    ],
                    [
                        0.314660906791687,
                        0.9204650521278381,
                        -0.23180288076400757
                    ],
                    [
                        -0.4139821529388428,
                        0.35283762216567993,
                        0.8391211628913879
                    ]
                ],
                [
                    -0.1311834156513214,
                    -0.2987671196460724,
                    2.4392857551574707
                ]
            ],
            [
                3.0406121477876358,
                446.08202362060547,
                20.338294448287645,
                4901.735871504584,
                1.626833839056842,
                -0.02312120190348515,
                0.0,
                0.11457772622214815,
                -119.72829286132122,
                707.4768736544787,
                418.63638387153986,
                796.7758646111655,
                473.5276633696711,
                3,
                [
                    85,
                    28,
                    129
                ],
                [
                    [
                        -0.27207252383232117,
                        -0.19264744222164154,
                        -0.9427955746650696
                    ],
                    [
                        -0.05007442459464073,
                        0.9812621474266052,
                        -0.18605704605579376
                    ],
                    [
                        0.9609730243682861,
                        -0.003411063924431801,
                        -0.27662116289138794
                    ]
                ],
                [
                    0.11661752313375473,
                    -0.20079447329044342,
                    2.5819547176361084
                ]
            ],
            [
                6.295177592383101,
                445.1549250284831,
                21.088255195183567,
                5156.732253022727,
                1.948784001489614,
                -0.03646713402511012,
                0.0,
                -0.10607188473239529,
                48.74031967346379,
                813.7636164998937,
                419.43465979442175,
                914.0100993043102,
                470.87519026254444,
                2,
                [
                    25,
                    20,
                    95
                ],
                [
                    [
                        -0.5220082998275757,
                        -0.22490563988685608,
                        -0.822754442691803
                    ],
                    [
                        -0.06671066582202911,
                        0.9724200963973999,
                        -0.22349224984645844
                    ],
                    [
                        0.8503276109695435,
                        -0.06177831068634987,
                        -0.5226150155067444
                    ]
                ],
                [
                    0.10534407943487167,
                    -0.22707100212574005,
                    2.802903175354004
                ]
            ],
            [
                -4.939502470507851,
                455.0302225748698,
                9.261032422806126,
                23499.165503094275,
                2.0312081677574345,
                0.02271102897847009,
                0.0,
                0.10068555968783996,
                -811.3576754222801,
                130.73898012312577,
                401.2504443189056,
                349.21482983052215,
                508.81000083083404,
                1,
                [
                    11,
                    19,
                    52
                ],
                [
                    [
                        -0.004095136187970638,
                        -0.5053914785385132,
                        -0.8628804683685303
                    ],
                    [
                        0.032047633081674576,
                        0.8623781204223633,
                        -0.5052493810653687
                    ],
                    [
                        0.9994779229164124,
                        -0.029722340404987335,
                        0.012665045447647572
                    ]
                ],
                [
                    0.23440420627593994,
                    -0.2720978260040283,
                    3.0319902896881104
                ]
            ]
        ],
        [
            [
                -1.6431742213310692,
                414.38726806640625,
                98.38100933421123,
                189.48461973667145,
                1.4418988494241796,
                0.0,
                0.0,
                0.0,
                0.0,
                619.208740234375,
                408.6554870605469,
                635.738037109375,
                420.1190490722656,
                11,
                [
                    24,
                    42,
                    113
                ],
                [
                    [
                        -0.7553669810295105,
                        -0.16779254376888275,
                        -0.6334559321403503
                    ],
                    [
                        -0.058084823191165924,
                        0.9800015687942505,
                        -0.19032356142997742
                    ],
                    [
                        0.6527226567268372,
                        -0.10696995258331299,
                        -0.7500069737434387
                    ]
                ],
                [
                    0.25414803624153137,
                    -0.2901582717895508,
                    2.7100889682769775
                ]
            ],
            [
                4.355273873519217,
                422.1092224121094,
                56.97702224013625,
                496.5168124139309,
                1.2723025872669638,
                0.0,
                0.0,
                0.0,
                0.0,
                684.7623291015625,
                412.2318420410156,
                709.8963623046875,
                431.9866027832031,
                10,
                [
                    26,
                    18,
                    82
                ],
                [
                    [
                        -0.7303597927093506,
                        -0.21965815126895905,
                        -0.6467805504798889
                    ],
                    [
                        -0.12892086803913116,
                        0.9741936922073364,
                        -0.18527299165725708
                    ],
                    [
                        0.6707862615585327,
                        -0.0519324392080307,
                        -0.7398303747177124
                    ]
                ],
                [
                    0.26784637570381165,
                    -0.2922147512435913,
                    2.5508484840393066
                ]
            ],
            [
                -29.98467308736648,
                424.87103271484375,
                44.98026153045054,
                1167.3842209465802,
                2.675452462905931,
                0.0,
                0.0,
                0.0,
                0.0,
                112.0929870605471,
                414.4267578125,
                167.97930908203148,
                435.3153076171875,
                9,
                [
                    16,
                    34,
                    75
                ],
                [
                    [
                        -0.556361198425293,
                        -0.12942908704280853,
                        -0.8207985758781433
                    ],
                    [
                        0.01933680661022663,
                        0.9855104088783264,
                        -0.16850903630256653
                    ],
                    [
                        0.8307154774665833,
                        -0.1096235141158104,
                        -0.5457970499992371
                    ]
                ],
                [
                    0.1861879974603653,
                    -0.2950376272201538,
                    2.5687828063964844
                ]
            ],
            [
                0.936622629499494,
                415.68599504743304,
                63.81444708013941,
                324.5732234541285,
                1.0353148775072791,
                -0.0024856774597011785,
                0.0,
                1.5453167411753395,
                -16.621983012591375,
                641.8423260579374,
                406.8330020391911,
                660.1735968017389,
                424.53898805567496,
                8,
                [
                    28,
                    58,
                    128
                ],
                [
                    [
                        -0.7744222283363342,
                        -0.22180283069610596,
                        -0.5925148129463196
                    ],
                    [
                        -0.11255651712417603,
                        0.9698931574821472,
                        -0.21595880389213562
                    ],
                    [
                        0.6225762963294983,
                        -0.10055188834667206,
                        -0.7760722041130066
                    ]
                ],
                [
                    0.27464061975479126,
                    -0.29280325770378113,
                    2.5474767684936523
                ]
            ],
            [
                -29.51730635863796,
                415.6844621930804,
                92.8793060023737,
                230.70180655171015,
                1.682063791905196,
                -0.5772332039425978,
                0.0,
                0.5090467393338298,
                6.092692360798134,
                391.7983191927808,
                409.8288235135367,
                411.4974347954608,
                421.54010087262407,
                7,
                [
                    21,
                    34,
                    98
                ],
                [
                    [
                        0.8208632469177246,
                        -0.29399749636650085,
                        0.4896416664123535
                    ],
                    [
                        0.40503332018852234,
                        0.9041056036949158,
                        -0.13616524636745453
                    ],
                    [
                        -0.40265554189682007,
                        0.3100942373275757,
                        0.8612259030342102
                    ]
                ],
                [
                    -0.20236843824386597,
                    -0.29664650559425354,
                    2.510350465774536
                ]
            ],
            [
                -28.325081033657376,
                418.44827968052454,
                73.27591729047477,
                424.73826333188197,
                1.901757931507021,
                0.42683759344248073,
                0.0,
                -2.6120168156605947,
                51.211539619368466,
                335.8742173265579,
                410.97600067184067,
                364.2951490689538,
                425.9205586892084,
                5,
                [
                    16,
                    35,
                    73
                ],
                [
                    [
                        -0.746400773525238,
                        -0.13247162103652954,
                        -0.6521788239479065
                    ],
                    [
                        -0.05723706632852554,
                        0.989135205745697,
                        -0.13540849089622498
                    ],
                    [
                        0.6630308032035828,
                        -0.06374019384384155,
                        -0.7458735704421997
                    ]
                ],
                [
                    0.26105642318725586,
                    -0.29903995990753174,
                    2.4847588539123535
                ]
            ],
            [
                -11.281250760043287,
                427.7143493652344,
                45.429891478092905,
                981.7626100220056,
                1.6622741407251669,
                -0.10511949896406764,
                0.0,
                0.5816145042519683,
                3.079709933210699,
                433.5595936502013,
                415.56307228452414,
                473.9571009863035,
                439.86562644594466,
                4,
                [
                    31,
                    35,
                    146
                ],
                [
                    [
                        0.8649488687515259,
                        -0.16130314767360687,
                        0.4752312898635864
                    ],
                    [
                        0.2928200662136078,
                        0.9312497973442078,
                        -0.21686458587646484
                    ],
                    [
                        -0.40757811069488525,
                        0.3267340362071991,
                        0.8527162671089172
                    ]
                ],
                [
                    -0.12561362981796265,
                    -0.2980465888977051,
                    2.442002296447754
                ]
            ],
            [
                3.005559241454655,
                445.28807460239955,
                20.410051998348642,
                4839.994261911498,
                1.620477985152448,
                -0.03281571808629471,
                0.0,
                0.07978631036048668,
                -85.16797000283238,
                706.163429929317,
                417.9624020354088,
                794.7247315779024,
                472.6137471693903,
                3,
                [
                    85,
                    28,
                    129
                ],
                [
                    [
                        -0.281598836183548,
                        -0.19328023493289948,
                        -0.9398642778396606
                    ],
                    [
                        -0.04891394078731537,
                        0.9811206459999084,
                        -0.1871090531349182
                    ],
                    [
                        0.9582846760749817,
                        -0.0067172301933169365,
                        -0.2857365012168884
                    ]
                ],
                [
                    0.12131796032190323,
                    -0.20115123689174652,
                    2.584120750427246
                ]
            ],
            [
                6.32726532506737,
                444.35706874302457,
                21.21857326546639,
                5145.685316586809,
                1.9557576941998005,
                0.019233731568031154,
                0.0,
                0.08599507920307264,
                13.106847339734308,
                813.4869667709545,
                418.71021516597034,
                913.8050292016335,
                470.0039223200788,
                2,
                [
                    25,
                    20,
                    95
                ],
                [
                    [
                        -0.5210255980491638,
                        -0.22680039703845978,
                        -0.822857141494751
                    ],
                    [
                        -0.06722387671470642,
                        0.971960186958313,
                        -0.22533145546913147
                    ],
                    [
                        0.8508896231651306,
                        -0.06208781525492668,
                        -0.5216625928878784
                    ]
                ],
                [
                    0.10474228113889694,
                    -0.22639410197734833,
                    2.7925448417663574
                ]
            ],
            [
                -5.0240963054081265,
                454.0648167201451,
                9.551945309074869,
                22276.360161509387,
                2.025629170206985,
                -0.064474229884889,
                0.0,
                0.2552453635153883,
                -1056.582326678387,
                139.30618368573226,
                401.63091827905646,
                351.7294520656115,
                506.4987151612337,
                1,
                [
                    11,
                    19,
                    52
                ],
                [
                    [
                        -0.012686301954090595,
                        -0.5052807331085205,
                        -0.8628617525100708
                    ],
                    [
                        0.02997192181646824,
                        0.8623512983322144,
                        -0.5054224729537964
                    ],
                    [
                        0.9994702339172363,
                        -0.03227356821298599,
                        0.004204184282571077
                    ]
                ],
                [
                    0.23701424896717072,
                    -0.27055758237838745,
                    3.0319936275482178
                ]
            ]
        ],
        [
            [
                0.9987803318093442,
                415.64405346942203,
                66.94879887617579,
                303.9379511311392,
                1.047999084142007,
                0.03058170484152601,
                0.0,
                2.358164550749361,
                -18.315041893356426,
                642.265269296503,
                407.1291051079946,
                660.1125854650879,
                424.1590018308495,
                8,
                [
                    28,
                    58,
                    128
                ],
                [
                    [
                        -0.7816459536552429,
                        -0.2197250872850418,
                        -0.5837384462356567
                    ],
                    [
                        -0.11436976492404938,
                        0.970517635345459,
                        -0.2121676504611969
                    ],
                    [
                        0.613146960735321,
                        -0.09907795488834381,
                        -0.7837310433387756
                    ]
                ],
                [
                    0.2796988785266876,
                    -0.29462137818336487,
                    2.5149266719818115
                ]
            ],
            [
                -28.921125849873953,
                415.381837250084,
                89.55088415869932,
                247.28204288938355,
                1.6955656286715917,
                0.02300954286143253,
                0.0,
                -1.4539545943781733,
                10.517000725873903,
                387.5437072982639,
                409.34361641783096,
                408.02010670125793,
                421.42005808233705,
                7,
                [
                    21,
                    34,
                    98
                ],
                [
                    [
                        -0.8575225472450256,
                        -0.08768108487129211,
                        -0.506919264793396
                    ],
                    [
                        0.012541813775897026,
                        0.9815124273300171,
                        -0.19098696112632751
                    ],
                    [
                        0.5142934322357178,
                        -0.1701333075761795,
                        -0.8405693769454956
                    ]
                ],
                [
                    0.25743624567985535,
                    -0.2995067536830902,
                    2.4649710655212402
                ]
            ],
            [
                -27.831404608424556,
                418.31396320301997,
                70.70925825239507,
                505.91338110893685,
                2.047726052954405,
                0.46102802734704534,
                0.0,
                -2.5888147031326185,
                63.85206916403235,
                328.7041888774107,
                410.4548750593515,
                360.89070796592074,
                426.17305134668845,
                5,
                [
                    16,
                    35,
                    73
                ],
                [
                    [
                        -0.7475061416625977,
                        -0.12809967994689941,
                        -0.6517860889434814
                    ],
                    [
                        -0.051136717200279236,
                        0.989414393901825,
                        -0.13580936193466187
                    ],
                    [
                        0.662283718585968,
                        -0.0681881308555603,
                        -0.7461439371109009
                    ]
                ],
                [
                    0.25832927227020264,
                    -0.2991584837436676,
                    2.492279529571533
                ]
            ],
            [
                -12.27586639220864,
                427.6247863769531,
                49.57980948989302,
                894.5528240110541,
                1.7074675792571237,
                -0.5601283304466776,
                0.0,
                2.4069283518809987,
                -35.01010147211433,
                434.76031840908377,
                416.1802878716501,
                473.8425387264068,
                439.06928488225617,
                4,
                [
                    31,
                    35,
                    146
                ],
                [
                    [
                        0.8659302592277527,
                        -0.16496828198432922,
                        0.47217610478401184
                    ],
                    [
                        0.29881343245506287,
                        0.9276772141456604,
                        -0.22388741374015808
                    ],
                    [
                        -0.40109267830848694,
                        0.33496344089508057,
                        0.8525984883308411
                    ]
                ],
                [
                    -0.12040509283542633,
                    -0.29827484488487244,
                    2.440708637237549
                ]
            ],
            [
                3.011805162540303,
                444.1672976914272,
                20.802917573815286,
                4762.444993187642,
                1.630826409721373,
                -0.012834303741687144,
                0.0,
                0.23993746252423753,
                -81.95392066259504,
                704.5190118362246,
                417.1475603646661,
                792.6480142686574,
                471.18703501818834,
                3,
                [
                    85,
                    28,
                    129
                ],
                [
                    [
                        -0.28097105026245117,
                        -0.19219236075878143,
                        -0.9402751922607422
                    ],
                    [
                        -0.05343040078878403,
                        0.9813559651374817,
                        -0.18462330102920532
                    ],
                    [
                        0.958227813243866,
                        -0.001634523388929665,
                        -0.2860015034675598
                    ]
                ],
                [
                    0.11692081391811371,
                    -0.2017359435558319,
                    2.587420701980591
                ]
            ],
            [
                6.301465615994503,
                443.4474799043389,
                21.149574053059766,
                5171.226417947314,
                1.957983242921951,
                -0.0038024711076466468,
                0.0,
                0.006709999842481704,
                18.35240094111866,
